Id_Don: 33 , Donor:kawtar@gmail.com, Titre: 2024-05-12 23:35:34.315316+00:00, Montant: 100.0000
Id_Don: 34 , Donor:kawtar@gmail.com, Titre: 2024-05-13 22:33:00.223000+00:00, Montant: 100.0000
Id_Don: 35 , Donor:kawtar@gmail.com, Titre: 2024-05-13 22:38:27.655709+00:00, Montant: 190.0000
Id_Don: 36 , Donor:kawtar@gmail.com, Titre: 2024-05-13 22:43:05.729469+00:00, Montant: 100.0000
